  18208. -.524859915 -2.97207276
  18208.  7.97451814  .688318507
  18208. -3.10400796 -3.01225695
  18208.  7.92817982  .510612806
  18208.  4.50028982 -4.83345665
  18208. -7.42515777 -4.7697303
  18208. -10.370103  5.29499022
  18208.  8.9747608  6.79720103
  18208. -2.53817114 -4.75053285
  18208. -2.08553594  5.42442889
  18208. -8.3137506 -3.87109674
  18208. -5.52379679  4.66744256
  18208.  11.040627  2.91703119
  18208.  3.84049654  3.31197752
  18208.  8.67745192  1.88628621
  18208. -6.04985558 -2.48174652
  18208. -.443086552 -.677304732
  18208.  6.59227588  4.63807517
  18208. -9.53944755 -.229890751
  18208.  11.3594063  1.01768406
  18208.  7.81611079 -7.39477195
  18208. -3.08776755  2.76153383
  18208.  2.46653092 -5.35551588
  18208. -3.98366221  6.11007042
  18208. -10.7899315  1.71184776
  18208. -11.0476566  .600664819
  18208.  7.89167514  2.75497382
  18208. -1.18772923 -2.13646399
  18208. -1.23157011 -.521164025
  18208.  6.42455792  4.66281539
  18208. -10.6407293  3.50967217
  18208.  9.56647683  6.6981813
  18208. -7.83380888  1.77279684
  18208.  .336945494  1.33877861
  18208.  6.61499028 -.732825133
  18208. -8.0660365  1.0792349
  18208. -4.72294763 -.730992122
  18208. -10.0510839  3.1005279
  18208. -3.03522028 -.500003111
  18208.  6.84212178 -4.81715664
  18208.  5.01144652 -3.35467998
  18208. -9.0834373  .0265235076
  18208.  2.1803229 -1.72688753
  18208.  8.19196669  4.85535906
  18208. -9.03735232  6.04688027
  18208.  8.87276746 -6.63546647
  18208. -6.90701405 -6.26754355
  18208.  10.0714323 -1.83807831
  18208. -.649591539 -3.35301927
  18208.  1.87369178 -.22477429
  18208.  11.6398563  2.58790432
  18208. -4.5612764  3.78259685
  18208. -6.32452021  4.1336038
  18208.  1.26938072 -1.79078886
  18208. -4.45535123  2.17775406
  18208.  11.5299052  1.92173311
  18208.  5.78293102  4.57378161
  18208.  1.20052884  1.94627374
  18208.  9.52535471  2.86809975
  18208.  7.69064447 -7.14053899
  18208. -1.4244255 -.0868194107
  18208. -5.96970595  3.54932554
  18208. -7.02201768 -4.96988991
  18208. -11.7444696 -4.82653575
  18208.  3.56661892 -.880358999
  18208.  9.32090061  3.36013338
  18208. -1.86438922  4.91359197
  18208.  1.85577303 -1.97633616
  18208. -.0459372461  2.93886357
  18208.  9.78045488  3.85986511
  18208.  3.11430352  5.57895425
  18208. -8.52634844  2.47381688
  18208. -1.45810323  3.63826503
  18208. -8.01586588  2.24835643
  18208.  4.02319538 -1.24846087
  18208.  7.20868699 -4.53182432
  18208.  5.83850682  4.38132266
  18208. -7.32008826 -.575849272
  18208. -4.8290904  3.14771063
  18208. -2.5312142  2.78804053
  18208. -9.80566233 -6.0322971
  18208.  1.72010938 -4.82172139
  18208.  11.7473624  2.75771766
  18208. -11.1261847  5.00658808
  18208. -7.08401833 -2.93017822
  18208.  1.6952755  .522253703
  18208.  2.81732022 -.116865374
  18208.  8.89320416  .881279234
  18208.  4.69838891 -1.95899174
  18208. -5.76893211  4.73661985
  18208.  .546882257  4.43153502
  18208. -8.65107056 -2.62751215
  18208.  6.31691351  6.61610802
  18208.  .154318302 -5.48272632
  18208.  5.83428537  7.33770007
  18208.  4.97669515 -.110347504
  18208.  10.1723411 -2.07898025
  18208.  8.66611682  5.31823378
  18208.  4.97593044 -4.95706363
  18208.  6.04879246  4.76539765
  18208. -10.5541707 -4.5057996
  18208.  6.48520075 -3.67192166
  18208.  1.07147021  6.48966936
  18208. -11.6880505 -1.49934561
  18208. -.228195489  3.84691972
  18208.  10.6126242 -4.65414252
  18208. -10.3321818  3.46615653
  18208.  8.82137176 -.296451238
  18208. -1.72336831 -.242556117
  18208.  5.21712524  4.62747336
  18208.  10.2522812  1.32233441
  18208. -9.22529605 -6.40967599
  18208. -4.57365491  3.09089398
  18208. -6.24048001  .177488426
  18208. -11.4274377  .0116803917
  18208. -10.9087923  3.91056873
  18208. -5.31934755  1.10512434
  18208.  9.94037148 -4.07413882
  18208. -7.20892759 -.222904792
  18208.  4.08129193  5.43148139
  18208.  8.29051241  2.98107594
  18208. -2.68699342  4.8555488
  18208. -4.29887183  .776384756
  18208. -4.698564  3.25285746
  18208. -3.26763471  4.2196999
  18208.  8.07103463  5.83248482
  18208.  1.92975331  2.79886278
  18208.  10.7494485  1.47371594
  18208.  3.48755655 -2.79456818
  18208.  9.10214838  .843059927
  18208.  3.66964934 -.10592207
  18208. -7.49315433 -.732344361
  18208. -4.59979967  .799546266
  18208. -8.92935741 -1.09043561
  18208.  8.81793531  2.10549347
  18208.  7.00030945 -.498683388
  18208.  7.96480923 -3.08516419
  18208. -7.77615478 -2.96873348
  18208. -11.788393  3.42328251
  18208. -6.13216225 -3.47841727
  18208.  6.08350445  4.97304508
  18208. -10.2472144 -1.77875599
  18208. -1.70012923 -1.61803653
  18208.  .486252539  2.04640458
  18208.  2.49211732 -.884264477
  18208.  5.08821029  5.84021856
  18208. -6.17314578 -.203888099
  18208. -8.59723783  2.57573237
  18208. -2.67140181 -3.57593027
  18208. -5.00150654 -1.07439594
  18208. -11.3577478  2.00666679
  18208. -8.91451769  .257632508
  18208.  4.07163259  .654659096
  18208. -5.84451601  .357997426
  18208.  1.72045051 -2.69334942
  18208. -1.70098558 -4.71588153
  18208.  10.9013941  1.9762815
  18208.  .128543343 -.551569609
  18208. -3.34096395 -2.54720847
  18208.  5.27629896  3.61150415
  18208. -7.82433732 -4.26542352
  18208.  .554187059  .161048031
  18208.  6.41347179 -4.35938857
  18208.  8.03221657 -4.3445419
  18208. -3.11523648  4.12327928
  18208.  5.29499886 -5.80389921
  18208.  9.02864775 -2.41906527
  18208.  .66057282 -5.76990061
  18208. -1.58113225 -.405603639
  18208. -6.13745524 -5.49465655
  18208. -10.1143158  .932646589
  18208. -3.51901823 -3.89309179
  18208. -.271597497  6.41025501
  18208. -11.1596813 -.104084943
  18208. -3.10062125 -6.75268995
  18208.  2.44867907 -1.58299774
  18208. -4.65499287 -2.1626992
  18208. -9.52819161 -2.84519215
  18208.  7.21953727  .631318563
  18208. -6.36849943 -4.02255159
  18208.  2.91882801  3.1377999
  18208.  9.5355123 -4.70024702
  18208. -3.57106866  6.88793948
  18208.  1.71010912 -.351596021
  18208.  10.0012869 -3.10225895
  18208. -10.9618005 -.698726668
  18208.  .913305943  1.61155929
  18208.  8.19872798 -1.04863406
  18208.  5.25910274  2.87216062
  18208.  2.9252206  2.82604079
  18208.  5.66818718 -7.4372623
  18208.  7.40438313  2.76387706
  18208. -10.5775126 -1.68288185
  18208.  4.82868821 -1.00418976
  18208. -5.32361096  2.30304922
  18208.  .582379729  5.41445654
  18208.  3.82999712  2.17960695
  18208. -1.18027547  4.54414986
  18208.  6.15084251 -6.37494422
  18208. -6.06035653  .755313557
  18208. -5.79572176 -.376894745
  18208.  6.86239508 -.0649622659
  18208.  .902799391  2.23065631
  18208. -5.76535433  1.20157338
  18208. -6.02327599 -2.30442286
  18208.  2.31307106  2.23187559
  18208.  3.8560798  4.52520444
  18208.  7.26819822 -.222937028
  18208. -11.7827978 -2.08561858
  18208. -.86396235 -2.93548717
  18208.  5.5166694  3.28947086
  18208. -5.45793818 -4.12269172
  18208.  7.43554583 -6.07139979
  18208.  7.40293169  2.01902639
  18208.  .094368884  3.9292528
  18208. -10.1571296  1.10766747
  18208. -1.03652107  .941887484
  18208.  1.9804989 -2.56610497
  18208.  1.13180595 -2.9269194
  18208.  7.07967397 -4.60378556
  18208.  8.76135576  4.44844133
  18208.  10.5351246 -2.38578678
  18208.  2.03481698 -4.48160865
  18208. -2.52866511 -.84191346
  18208.  6.88750124  2.89781221
  18208.  10.8749044  4.29846117
  18208.  7.19920659  3.65599879
  18208. -1.19920687  1.00920706
  18208.  5.58322716  .691264035
  18208.  11.6751118  3.28019886
  18208.  5.00110865 -1.88688367
  18208. -7.17487989 -5.30828075
  18208.  10.7734706 -1.87849079
  18208.  8.698267 -2.23525464
  18208.  7.56712318  4.38833527
  18208.  11.8183866  1.84629222
  18208.  .453591478 -6.06575944
  18208. -5.53321554  6.91519845
  18208. -5.52815522 -2.82890979
  18208.  7.5450448  .301276614
  18208.  .938950639  1.87812672
  18208. -8.31896688  3.7331568
  18208.  9.61149135 -2.46927415
  18208.  5.75247533  1.20358439
  18208. -8.40663349  .750597012
  18208. -1.27981087  4.71769518
  18208. -8.13023496 -6.18006268
  18208.  .194036389 -6.30133648
  18208. -7.62726671 -3.30843818
  18208.  8.81571012 -.67509276
  18208.  10.2904298  .371554355
  18208. -4.58970848  .0181350427
  18208.  3.90302221 -3.32372942
  18208.  6.79675553  1.5218114
  18208. -4.68008549 -.489029049
  18208. -7.61839426  2.81840601
  18208.  4.37652233 -1.14337328
  18208.  2.85757467  1.45134861
  18208.  2.43915215  2.34019447
  18208.  .0833901692  4.17787543
  18208.  2.29431588  6.59240639
  18208.  10.4539221 -1.12630798
  18208. -10.779763  1.541555
  18208.  6.79956596  4.09201344
  18208. -2.83572799 -2.80812514
  18208.  7.56224547 -3.20114938
  18208. -4.94315821 -.106197821
  18208. -6.70828282 -1.08196155
  18208.  7.35568309 -6.75231496
  18208.  8.76061638  2.72678668
  18208.  7.95052515  3.52397273
  18208. -5.52581026 -2.72783728
  18208. -10.0792752 -5.28264341
  18208.  10.4494671  3.54881852
  18208. -9.62122965  2.57402752
  18208. -6.58076572 -1.22853017
  18208.  1.67306072  .681870041
  18208. -6.94902966  6.96249652
  18208. -1.09516088 -1.29037229
  18208. -11.5320003  4.36528164
  18208. -4.55267245  4.53674235
  18208. -8.63497553 -1.95874864
  18208.  8.52343513  5.57641584
  18208.  9.18488099 -5.1064807
  18208. -4.30605023  4.03541689
  18208. -5.99432804 -7.12292676
  18208.  1.45033085 -3.45512214
  18208. -3.27644231 -7.17571172
  18208. -1.32014188  1.02482213
  18208.  1.39960365 -3.31079257
  18208.  .470734762 -1.138836
  18208.  9.66759431  2.72120551
  18208. -7.50419923  5.9789998
  18208.  4.01265378  .0648631381
  18208. -1.1785093 -.277569377
  18208.  1.46746961  .528793521
  18208. -4.49055299 -2.70165317
  18208. -3.65572571 -1.77836185
  18208. -2.49015836 -1.0845008
  18208.  6.28694628  4.48685638
  18208.  1.38407897 -2.00205713
  18208.  1.4268581 -5.63670386
  18208.  8.17625489 -1.63684297
  18208. -7.59299723  .225061558
  18208. -3.79014426  2.77136077
  18208. -9.0451913 -1.94693813
  18208.  10.8079035  2.33127123
  18208. -3.63602661 -.264992307
  18208. -5.09438748  2.71742707
  18208.  7.62142976 -3.17880239
  18208.  .793654557 -.497489798
  18208. -4.38684672 -.963454239
  18208. -.792546293 -4.05049623
  18208. -11.0733289  3.37143041
  18208. -6.66448316  .0386724673
  18208. -8.55366453 -5.45163811
  18208.  .356312265  2.74699592
  18208. -.516476898  .525338403
  18208. -7.26375672 -1.48993312
  18208.  9.32828847  5.48218424
  18208.  .0899969647 -2.01508515
  18208.  1.13495149  .552973261
  18208.  9.13325052 -.296366938
  18208. -4.57681258 -2.47603431
  18208.  3.62758033  4.7490265
  18208. -1.75739671 -.424357359
  18208.  10.7971775 -2.76855682
  18208.  8.5819445  2.55555587
  18208.  10.036047 -2.2979476
  18208. -3.74859195  1.80219078
  18208.  .263232912 -4.34331828
  18208. -1.54276801 -1.91421477
  18208.  1.54799882 -2.88622267
  18208. -11.7319495  6.89679032
  18208.  10.7617367  3.3163257
  18208. -9.72644391 -3.55668963
  18208.  1.82678667 -1.58886651
  18208. -9.97461313 -5.08078224
  18208.  2.69236986  4.60267161
  18208. -2.546792 -1.3101559
  18208. -9.86741239  6.69026667
  18208. -10.0461089 -.66296087
  18208. -9.64760109  1.5780967
  18208.  8.21302373 -5.88461574
  18208.  .200345054 -2.20721794
  18208.  10.7507535 -3.19445961
  18208.  7.1195702 -1.9140374
  18208.  7.07280625  1.9073185
  18208.  4.31952505 -6.88380631
  18208. -3.57352043 -3.74851344
  18208. -4.24260483 -1.97268454
  18208.  10.4415076 -3.01319916
  18208.  10.2642956  1.82192053
  18208.  7.92986123 -2.20524475
  18208.  9.93097381  3.30630621
  18208. -7.11930347 -2.36910388
  18208. -7.18727635  2.29177833
  18208. -8.62370619  .42634875
  18208.  8.38211311  .884349475
  18208.  9.50678093 -2.50521626
  18208.  6.36364412  4.52946621
  18208. -9.01665016 -2.53145444
  18208. -6.24562714  4.15823647
  18208. -6.88837762  4.42600625
  18208.  2.27307712  .530713605
  18208. -8.31633467  2.85187639
  18208.  .957087188 -1.74145119
  18208. -.259876765 -.045724901
  18208.  8.73515331 -5.46860373
  18208.  3.33656648 -2.05393817
  18208.  9.13002973 -5.92633331
  18208. -4.91204878 -5.04949539
  18208.  1.27772349  5.28637027
  18208.  4.1653771 -5.43937473
  18208.  11.9919004  3.79735986
  18208. -8.61191411  4.26747943
  18208.  2.29664435 -.0524593589
  18208.  3.78282555  .164463484
  18208.  6.61265543  5.03843842
  18208. -.374079128 -2.49471461
  18208.  3.2081026  .675834429
  18208. -1.78507888 -3.92653794
  18208. -10.6730972 -1.19218152
  18208.  1.58117765 -2.70126491
  18208. -5.02278081 -.267841311
  18208. -2.29595093  4.72979431
  18208.  7.43137381  .186675165
  18208. -1.8214196  .953742908
  18208. -5.4534876  4.12006854
  18208. -7.40481243  1.3624771
  18208. -3.6241233 -3.88822404
  18208.  9.70537591  1.5459823
  18208.  6.04184386 -5.24545544
  18208.  4.14815869  5.09148537
  18208. -9.37949043 -7.11429906
  18208. -4.68202492  3.92337121
  18208.  8.14212185  .739698274
  18208. -4.76044119  .113870472
  18208. -.687702017  3.80693366
  18208. -3.42793491  3.93084842
  18208. -11.9660985 -1.80413314
  18208. -5.3143217 -2.50176844
  18208. -9.41021772  .430648429
  18208. -2.46614413 -2.28500437
  18208. -11.3536484 -.477084857
  18208.  9.07741178 -3.75481976
  18208. -7.39574783 -5.95001101
  18208.  5.72301773 -5.83628491
  18208. -8.36655239 -.352809888
  18208.  9.93489379 -2.11123732
  18208. -10.3648471 -3.15274862
  18208.  7.88102496 -3.15987875
  18208.  2.48945112  .636119109
  18208.  2.24705969  2.33313892
  18208.  6.89185278 -5.85569722
  18208.  2.78074313 -6.87670926
  18208. -2.73959558  4.78094847
  18208.  9.60659259 -2.91034415
  18208. -2.29737343  4.4041519
  18208.  .973104261  1.96929056
  18208.  7.78510949 -2.22410146
  18208. -2.07537338  2.63934968
  18208. -.92411355 -6.78545856
  18208. -11.2309774  3.24338533
  18208. -8.4024003  5.31301433
  18208. -4.05463908 -1.524698
  18208. -4.89104025  4.56394757
  18208.  5.70349957 -6.53597087
  18208.  11.4566506 -6.19525384
  18208. -4.39051286  2.44732903
  18208.  11.332681 -1.01317047
  18208.  2.20088783  3.55243803
  18208. -5.86292795  2.76444394
  18208.  2.37756603 -6.60739247
  18208. -2.88327657 -6.31711264
  18208.  1.9523859  2.96266894
  18208.  3.85394344  .109455532
  18208. -6.12859384  4.36008958
  18208.  6.2129279  6.9564939
  18208.  .415247565  1.46547428
  18208.  11.0873535 -3.8055755
  18208. -8.0396959  4.20689039
  18208.  5.62034499  3.27305988
  18208. -11.3350462 -3.16346276
  18208. -11.2787293 -5.53951606
  18208. -5.76780272  1.98096046
  18208.  8.26253119 -6.2355261
  18208.  6.83936733  1.72493799
  18208. -6.87766971 -.536974478
  18208. -1.02484456  5.6216013
  18208.  .369870395  3.01507259
  18208.  1.398817  4.92425709
  18208.  11.8384864 -3.91686168
  18208.  1.31458307  .754251962
  18208. -3.83121388 -4.32511173
  18208.  7.21450257 -6.21492836
  18208.  6.99698347  1.18082381
  18208. -10.1496811 -5.28128966
  18208. -10.5708937  5.12020878
  18208. -3.45107099  .999706794
  18208.  9.15193088 -3.8424825
  18208.  1.13662957 -4.90106875
  18208. -10.5758605 -5.02049277
  18208.  1.0716974  1.62775278
  18208. -8.82019758  1.47699706
  18208. -4.60928233  4.01211173
  18208.  3.70919626 -5.37398808
  18208.  8.92136585  3.70232325
  18208.  4.01708138 -3.63232689
  18208. -1.17460963 -5.34956021
  18208. -4.02239589  2.42770931
  18208. -11.0292046  1.66718377
  18208. -3.9382167  4.6368077
  18208.  4.08806673 -6.39944636
  18208.  6.42107274  7.17676035
  18208. -.742611671 -2.47590108
  18208.  1.2922543 -2.40227525
  18208. -11.4847738  6.03772811
  18208. -10.9051591  2.67679612
  18208.  3.08863017  5.10968907
  18208. -1.59761734  7.20026856
  18208.  11.8056958 -1.16254499
  18208. -10.7581977  1.14388625
  18208. -10.0229859 -1.29139961
  18208.  6.72484409 -4.13965241
  18208.  2.60433917 -1.8435612
  18208.  6.88157348 -2.46291504
  18208.  8.74482842 -4.30932514
  18208.  11.5887597 -7.07673642
  18208. -4.25952921  5.59439043
  18208.  2.19012464  1.67503672
  18208.  10.5202714 -2.85250015
  18208.  10.3601151  1.07848134
  18208.  10.4493518 -4.72979934
  18208.  5.58284654  2.03195966
  18208. -2.4910623  3.72818638
  18208. -11.610429 -.708009808
  18208. -8.41254998  .767425929
  18208. -5.76300726  .656724388
  18208. -11.1014113  .486744458
  18208.  6.50847727 -.763549751
  18208. -9.89003168  5.0964539
  18208. -11.6601138 -1.9155751
  18208.  8.85926674 -2.38603961
  18208.  11.4792774 -.972581812
  18208. -1.46086909  7.48764145
  18208. -2.27322784 -1.0341869
  18208.  1.48100095 -1.34317756
  18208. -10.2867658 -1.95046579
  18208.  4.01065936 -3.15742533
  18208.  7.56439978 -6.59605787
  18208.  11.3455934  1.98910591
  18208. -3.87013532  4.59125631
  18208. -9.76350509 -.374054685
  18208.  5.32823962  2.20298434
  18208.  9.90572665 -.321423631
  18208. -9.62635846 -6.05711996
  18208. -11.5578044  5.59668315
  18208. -.348120037 -6.26647052
  18208.  6.1756895 -4.60062237
  18208. -1.17623494 -4.8448195
  18208. -10.0257866  .533641566
  18208.  5.90830498 -6.63170183
  18208.  1.86534587 -.381188087
  18208.  11.035417  3.90086417
  18208. -3.6126829 -5.85203483
  18208.  9.81072872 -3.33989769
  18208.  8.00926024  .0191053076
  18208.  4.38825814  3.43400695
  18208.  5.46531309 -1.32558778
  18208.  3.53610876 -1.04621516
  18208.  7.00269694 -1.96087111
  18208. -5.64941893  6.42171494
  18208. -4.74515608 -2.84334191
  18208.  7.08139027  5.03185299
  18208.  5.29740821  2.83686001
  18208. -8.60703571  6.7716602
  18208. -9.00489396  3.73394157
  18208.  11.9845199  5.79945241
  18208. -10.1655091 -1.79772653
  18208.  1.92407367  3.56045183
  18208. -8.19230286  3.95909782
  18208.  5.41429994  .784036753
  18208. -7.64470896 -.333029997
  18208.  1.40030971  3.48908505
  18208.  1.27662457  1.26620702
  18208. -2.78610104  .767216422
  18208. -5.88144292 -1.05176547
  18208. -8.8471846 -2.06344643
  18208.  3.59053379 -2.26621203
  18208.  5.96111555 -3.51938544
  18208.  .293951637 -4.13296088
  18208.  4.3796231 -.915530247
  18208. -9.08432104  2.86381523
  18208. -10.7121206 -2.14630179
  18208.  8.81552054 -3.90471397
  18208. -.736925711  4.85149127
  18208. -5.10493276 -2.16391089
  18208.  6.03548825 -6.68940608
  18208. -8.13127215  2.30940369
  18208. -4.80164815  .194920047
  18208.  .233009019 -4.61920979
  18208. -5.73188063  3.73000816
  18208.  11.4602851  3.10403227
  18208. -10.2114682 -4.35206062
  18208.  10.9875665 -.235935227
  18208. -6.38551468  7.09813465
  18208. -11.5317844  .587873145
  18208. -11.0076477  3.79118621
  18208. -11.187905 -3.22868738
  18208.  4.36520551  6.66051466
  18208. -6.08960148  1.00783519
  18208.  4.17965106  .912041619
  18208.  .089560404 -.930243828
  18208. -9.73041813  .169969188
  18208.  11.2980213  4.03451268
  18208. -1.22718577  .574012773
  18208. -9.07827675 -.736253722
  18208.  6.31609752 -2.45281155
  18208.  .370148672  5.93890229
  18208. -1.8758168  .862007309
  18208. -7.56413761 -.883187411
  18208.  3.97012436 -3.49635844
  18208.  9.52240395  3.70402375
  18208.  6.20559876 -2.62122484
  18208. -7.16893833  1.48571893
  18208.  2.38655317 -.255324826
  18208. -4.29089121  2.52553129
  18208.  6.83843097 -5.84055235
  18208. -1.5975979  4.14569158
  18208. -10.8708004 -4.72382673
  18208.  6.52563187 -2.18266279
  18208. -2.40077333 -6.82151542
  18208. -7.89772495 -4.57108188
  18208.  8.10791764  2.64887276
  18208.  11.5180897  7.34814622
  18208.  1.44169534 -.497085794
  18208.  9.02287331  3.62203834
  18208.  11.2340345  1.94418333
  18208. -7.30487525  7.49824414
  18208. -1.53284207 -1.35289451
  18208.  2.53799695 -2.36981169
  18208.  6.39028201  2.99088982
  18208. -11.6301646 -3.95192531
  18208.  11.9329757 -3.11715428
  18208. -11.3665238  .443968057
  18208.  11.0099982  5.33454749
  18208. -11.212367 -.866800814
  18208. -9.62824519  4.22197566
  18208. -8.4672029 -4.79942038
  18208. -7.11358417  2.60473499
  18208.  11.4453494 -1.23803814
  18208. -10.6479016  5.18439296
  18208. -11.5864442  4.54198329
  18208.  9.46889481 -2.14024178
  18208.  6.07151339 -2.41594567
  18208.  6.45351666  .707694553
  18208.  10.0628954 -5.96260469
  18208. -2.52697755  .159740765
  18208. -1.5305149 -1.89429474
  18208.  .421177832 -1.25479549
  18208. -2.95367968  .940828572
  18208.  5.3860926 -.17099239
  18208. -.876061057 -.903998941
  18208. -2.29812729 -2.85480739
  18208. -3.29185156 -4.50041494
  18208. -11.6534054 -6.41942704
  18208.  6.58950088  6.82797651
  18208. -7.42718701  1.30925996
  18208. -2.17178594  2.38500417
  18208. -.139240332 -3.70255834
  18208.  .607492269 -3.14093859
  18208.  11.6451323 -1.71677553
  18208.  4.70391578  6.09972013
  18208. -5.31502724 -6.28167597
  18208. -9.81573408 -5.20580716
  18208. -1.10733857 -2.94002977
  18208. -10.3792077  3.61043107
  18208.  10.4533571  7.44592203
  18208.  7.44286935 -2.35043504
  18208. -4.40276776  4.32584191
  18208. -5.05781673 -.342045966
  18208.  5.39301119  2.89413196
  18208.  1.78121423  6.31493728
  18208.  2.72690513 -1.13290929
  18208. -11.1768852  4.09193155
  18208.  11.7863585 -1.21992046
  18208.  7.33304934  .904706902
  18208.  4.65228999  7.04920656
  18208.  3.29412942  1.87554241
  18208.  6.75284631  .427684788
  18208.  4.54521631  3.4535428
  18208.  11.6170922  3.70795057
  18208.  .662710631  .400676319
  18208.  4.03500606 -2.89472167
  18208. -1.20413535 -7.14367051
  18208. -5.32974494 -4.84096581
  18208.  1.5759291 -1.21604005
  18208.  7.05620058  .645449117
  18208.  6.7891927  5.35197303
  18208. -2.57209464  3.4091894
  18208.  10.9306112  .0756254354
  18208.  3.16866601  2.07069548
  18208.  8.37650527  3.21501252
  18208. -11.1871917 -2.13520987
  18208.  9.80824838 -4.64108414
  18208.  5.23109603  2.49576312
  18208. -2.53310045  4.40548396
  18208.  11.4216455 -.176027048
  18208. -2.50363493  2.15341127
  18208. -10.6764328  6.48711183
  18208. -7.70209411 -2.4910852
  18208.  11.0804744 -.122403464
  18208.  6.16979994  1.80497754
  18208.  3.91344684  2.34821724
  18208.  10.6633196 -.428524203
  18208. -10.3477708 -4.7821318
  18208. -8.46445533  5.4185155
  18208.  5.2449059  3.90871503
  18208. -8.40074842 -1.55266601
  18208. -11.6703539  1.84171802
  18208.  7.51183131 -1.70289573
  18208. -7.42815782 -6.70681184
  18208. -1.07428536 -2.21837653
  18208. -8.61054469 -5.20079996
  18208. -11.9696152 -2.0569464
  18208. -5.48749629  6.30737047
  18208. -7.97499525  3.3726592
  18208. -8.1379047 -.855185312
  18208.  6.94246481  2.92931764
  18208. -.365572277 -5.87228972
  18208. -.435328549  1.55591207
  18208.  7.44714005  1.99451483
  18208.  9.28350017  3.51279182
  18208.  1.13832078  .579920663
  18208. -7.0661444 -3.45875506
  18208. -.556196313  .860360073
  18208.  10.6228192 -1.08559308
  18208. -7.78652623 -.736815599
  18208. -7.31061356  2.4696949
  18208.  6.06166972  2.4149295
  18208. -.292855804  1.31628238
  18208.  5.45519172 -4.88092751
  18208.  11.2524761  .377405551
  18208. -4.42459821  1.96866882
  18208. -1.50984638 -2.51335689
  18208.  7.1337945 -.308517294
  18208.  5.92816364 -1.64877484
  18208.  9.92476609  5.27361426
  18208. -9.29679122  3.20589005
  18208. -8.54689202  .936980817
  18208.  4.80710584  3.47369452
  18208. -2.18065  5.27127737
  18208. -.681780554 -5.65100966
  18208.  1.96014428  1.35146039
  18208.  .148987505 -6.73094177
  18208. -4.31462656 -3.8104286
  18208. -8.23994811  1.65795836
  18208.  5.58731177 -2.65101157
  18208.  9.72369677  4.49274043
  18208.  8.85022086  4.99286936
  18208. -1.78896451  6.00798228
  18208.  10.4732612 -3.52250161
  18208. -1.14348492 -.379688736
  18208. -4.80631633  4.53977303
  18208.  7.66775548  3.18679104
  18208. -.843799754  2.08295547
  18208.  7.29192056 -.954982425
  18208.  4.33763055  .245802951
  18208. -2.59006886 -1.37767073
  18208. -2.43626747 -2.04588724
  18208. -11.6151648 -6.0999694
  18208. -5.05673793  1.73623961
  18208. -3.28454107  2.35769673
  18208. -2.88599525 -3.00568929
  18208.  6.61356887  .816384161
  18208.  10.4559259 -7.16887677
  18208. -4.49735365  .753854259
  18208. -9.86288743 -2.31959143
  18208. -10.7486877 -.193415279
  18208. -.628634378 -3.79020669
  18208. -6.73103624 -3.74808884
  18208. -1.97366045 -.298253092
  18208.  9.06979816  1.34614661
  18208.  3.59321428 -.188727074
  18208. -7.48693222  4.97164154
  18208. -9.76037783 -6.27079064
  18208. -3.29981173 -4.30997592
  18208. -5.26268393 -3.2344542
  18208. -6.02853698 -2.07510748
  18208. -4.42946938  2.67913346
  18208. -6.40442388  4.62307764
  18208.  5.66477972 -1.76856218
  18208. -4.85683555  2.39393447
  18208.  5.40038101 -3.79167
  18208. -10.9936798 -3.21740832
  18208. -7.08309724  .450120558
  18208. -7.34671011 -4.06950146
  18208.  4.70090457  6.00507316
  18208.  5.2320363  4.93313782
  18208. -9.07675751  6.43527101
  18208.  .706748145  1.76607052
  18208. -1.01492295 -6.53732209
  18208. -2.73791502  .135111917
  18208.  3.08562159 -5.15631316
  18208. -3.58215542  1.98585487
  18208.  .445632461 -2.01506767
  18208. -5.23266494 -6.41714724
  18208.  4.10840553  1.8879271
  18208.  .942777892 -.952976668
  18208. -6.76704533  5.12256828
  18208.  9.61487222  6.99868804
  18208.  .698307985 -4.14761961
  18208. -6.76339198  3.97873298
  18208.  5.94849113 -6.78745947
  18208. -1.43789316 -4.33918169
  18208. -1.30375492 -1.33694912
  18208. -11.229702 -2.15862645
  18208.  1.87232682  .451732474
  18208. -10.242953 -4.36033686
  18208. -9.37362321  5.15183288
  18208. -4.68483252  4.67454579
  18208. -1.35425107  5.37155703
  18208. -4.30263226  3.69040423
  18208.  11.8537816  5.8070448
  18208. -9.68481382 -.238841184
  18208. -11.4337277 -.17586618
  18208. -.427870218 -4.74041512
  18208.  8.301403 -2.57730388
  18208. -.0501183099  2.8643042
  18208. -3.75966171 -1.62375557
  18208. -7.80036831  5.40787407
  18208.  1.5350168 -3.83606368
  18208. -.222583571 -3.14522784
  18208.  7.51221406  5.56644483
  18208. -6.52401477  2.35217633
  18208.  2.33260714  4.4510711
  18208. -6.61841717 -.460338758
  18208.  2.78445014 -3.28314661
  18208. -5.89844734  3.1281771
  18208.  3.69692796 -.711168116
  18208. -6.79839528 -2.84163984
  18208.  2.7146319  5.90110056
  18208. -11.415972  1.36309426
  18208.  5.9684544 -4.56048493
  18208. -4.74682491  1.55197885
  18208.  8.82256145 -3.97615632
  18208.  4.45878162 -3.37719252
  18208. -5.08393207 -5.9256313
  18208. -1.33495517 -4.63641734
  18208. -11.453926 -4.67666051
  18208.  8.36484915  6.24759028
  18208.  .903951176  .115389925
  18208. -4.09312416  .178925055
  18208.  3.45577721 -2.16312113
  18208.  1.8624258  3.40304483
  18208.  11.9710931 -3.25684874
  18208.  5.82627926 -5.15035248
  18208.  4.57199945  2.02563032
  18208.  8.23127279 -.664390861
  18208.  3.25523527 -4.00793068
  18208. -5.2353319  3.21324794
  18208. -5.16734409 -6.31793051
  18208.  10.901501 -3.11824222
  18208.  5.30598717  .577816944
  18208. -2.22748867  5.61221377
  18208. -9.73939392  .568195147
  18208.  4.62576993  4.00812094
  18208. -2.37576243 -7.00519215
  18208.  8.69937929  2.02923843
  18208.  2.25132936 -1.88586573
  18208.  8.02654902  3.29229754
  18208. -7.29024461 -.479149777
  18208.  .49648626 -3.27284793
  18208. -11.7720012  7.27037692
  18208. -10.1374709  1.65469347
  18208. -3.13651044  5.32609625
  18208. -1.66755094 -.575324873
  18208.  4.89688184  3.67857753
  18208. -3.60863104  1.37596347
  18208. -9.63966145  3.4770575
  18208. -8.41969496  6.06482127
  18208. -9.50323249  1.62744814
  18208.  5.5496245 -2.17390477
  18208.  10.1797919  4.49456936
  18208.  3.49726941 -4.60302695
  18208. -3.9716712 -6.97754027
  18208.  4.85443658  1.19684454
  18208.  3.85283009  4.82407713
  18208.  5.86002821  2.64715534
  18208. -.171111947 -4.25593715
  18208.  .367840112  3.31542293
  18208.  .613604405 -.435918811
  18208. -5.47460522  .126350535
  18208. -10.337649 -.450104922
  18208. -.13682402 -6.88923522
  18208. -2.89515782  4.88452944
  18208. -.50140922 -4.07077712
  18208. -3.92556673  2.51990784
  18208.  5.9241062  5.53574399
  18208.  5.93725857 -7.34786221
  18208. -.921805065 -3.68373505
  18208.  11.7782338 -5.88240683
  18208.  .0384631596  3.47063491
  18208. -2.99665427 -6.85259694
  18208. -2.80719403  2.88318515
  18208. -4.18191489 -3.4998457
  18208. -11.8277655  3.30972264
  18208.  10.6073058 -1.97982091
  18208. -3.80339517 -3.42514665
  18208.  7.31086901 -.941308579
  18208. -3.38968594  6.31100605
  18208. -6.17050757  .468112376
  18208. -8.758542 -2.27862482
  18208. -2.4524085  1.93077342
  18208.  9.91417039  5.34169522
  18208.  8.4214425  1.99293109
  18208. -5.03412877  5.69254216
  18208. -6.33110144 -2.08908255
  18208.  .216078762 -3.56485726
  18208.  8.81183759 -.17131644
  18208. -5.53567499  5.24589659
  18208. -1.15253003  2.62965595
  18208. -.179778611 -3.59864201
  18208. -8.74056621  3.09329083
  18208.  3.0459969 -5.37324793
  18208.  8.7547417 -1.58315055
  18208.  5.63610087 -.957930646
  18208. -4.85719795  2.05436434
  18208. -3.82679187 -3.96682295
  18208. -8.23868132  4.43205489
  18208.  6.61947426 -3.55482634
  18208.  3.12110783 -1.06376777
  18208. -.531333718  4.16499632
  18208.  3.92545734  4.23020475
  18208.  2.07834972  7.04274241
  18208. -1.00636978  2.15876511
  18208. -2.92955933  6.06241588
  18208. -8.4092255 -2.6106654
  18208. -3.44498202 -3.28853288
  18208. -7.02581811 -5.03102632
  18208.  7.43752735  5.50205732
  18208.  7.22477828 -6.15335423
  18208. -5.0224785 -.0800794332
  18208.  2.1862829 -3.99516636
  18208. -6.14501103 -3.43636833
  18208.  2.89761918  5.27026892
  18208.  2.5243515  1.81126686
  18208.  4.11124118  6.73390967
  18208.  11.8966921 -3.6440984
  18208. -4.22226844  2.43057089
  18208. -6.85737536 -3.96334356
  18208. -9.85338258  .335311376
  18208.  5.83125663  2.35127562
  18208. -4.88243461 -3.14526535
  18208.  9.7695553  2.34310209
  18208.  .380708824  4.79973143
  18208. -10.2980781  2.57723944
  18208. -6.71022459 -3.20856913
  18208. -10.0493178  3.94140769
  18208. -4.87979865 -3.48324574
  18208.  5.60978513  6.76733604
  18208.  3.40283286 -2.33098345
  18208. -2.32980008 -2.57283763
  18208. -8.15970439 -6.26873128
  18208.  9.2337085  1.14881712
  18208. -11.6034675  1.85703845
  18208.  10.0241705  1.88741164
  18208.  .942609066  2.13410689
  18208.  4.7295768 -6.97493603
  18208.  7.28550172  4.32648773
  18208.  4.51967391  3.56935752
  18208. -10.3042484  3.20378911
  18208. -7.27051517 -.355741038
  18208.  10.0099124  1.21358014
  18208.  9.47158598 -3.35122623
  18208. -.112184141 -.853575965
  18208. -8.38093008  .53324805
  18208. -1.02576422  4.78475429
  18208.  11.1995902 -6.42694887
  18208.  1.13208668  1.75519038
  18208. -7.52208355 -6.53442944
  18208.  6.7941328  7.02506187
  18208.  3.7307867 -.827432394
  18208.  2.46856555 -2.92539333
  18208. -1.25760396 -5.60174016
  18208. -4.18026052 -6.47022175
  18208.  5.73336624  .243626311
  18208. -11.3616675 -4.43877215
  18208.  9.9620644 -1.20176892
  18208. -9.14719985  1.88914912
  18208. -11.6911857  5.92113137
  18208. -1.4780739 -.499735109
  18208. -1.60503755  4.16582392
  18208. -2.78704485  5.19323414
  18208.  6.13201139 -2.21862546
  18208. -1.31220002  7.48570876
  18208.  6.71804873  1.7108578
  18208. -.544693846  2.50569502
  18208.  6.0772612 -2.19411509
  18208.  6.99164205 -3.55688485
  18208.  4.96837668  3.70548531
  18208.  6.84655616 -3.50835967
  18208. -10.4833361  .842903098
  18208.  8.16369669  5.58065313
  18208.  5.02514514  6.77510241
  18208. -1.06654402 -3.64202879
  18208. -8.43445519 -5.73727683
  18208.  5.72973067 -5.72228595
  18208. -4.53728432  3.18182585
  18208. -3.6373956  5.31178797
  18208.  .467455452  1.25797805
  18208.  4.05849587 -5.02659336
  18208.  1.48678816 -1.98667113
  18208.  2.43663781  .745648119
  18208. -8.73972198 -5.63531467
  18208.  6.83527542  2.5633228
  18208. -3.21279697 -.609130955
  18208.  6.88424029 -6.56389443
  18208. -10.2044134 -1.58055535
  18208. -2.11260704  1.38542008
  18208.  6.32572738 -4.10500741
  18208. -5.45701294 -6.85015873
  18208. -9.31315126 -6.87059102
  18208.  4.41422012  1.47467828
  18208.  4.58436785  2.17160775
  18208.  7.17130851 -1.25368826
  18208. -8.54098024 -3.27309991
  18208.  1.79760788 -2.30213834
  18208.  10.872818 -2.12063337
  18208.  11.252058 -3.75187033
  18208. -1.03970717  1.51541583
  18208. -8.32129448 -3.83191521
  18208.  8.06922334  3.57547402
  18208. -8.47155514  1.57376068
  18208.  3.75610968 -4.13776906
  18208. -4.50407482 -.224792573
  18208.  5.5603903  .0881925161
  18208.  1.61693372  3.9500905
  18208.  .60196125  5.32391017
  18208.  .616290105 -5.77720651
  18208. -2.29363233  5.82815001
  18208. -6.74717261  4.44846675
  18208. -6.60823691  6.98368495
  18208. -1.46321332  1.95157612
  18208.  2.67793481 -1.68729759
  18208.  .82536164 -2.9026263
  18208.  10.5988764 -4.81092921
  18208. -5.53338992  1.79916365
  18208. -11.6906344 -.530015924
  18208. -10.1162698  1.63193696
  18208. -8.37454629  3.4536986
  18208. -4.12973326  3.67221233
  18208. -8.95635771  6.23683074
  18208.  2.98338829  3.52606758
  18208.  10.4539196  4.7734604
  18208. -6.38739753  1.91118544
  18208. -6.23103545  6.65497405
  18208. -9.60715714  .284543421
  18208.  10.3332157 -2.95863703
  18208.  8.28710502  2.60028499
  18208. -9.98343176 -2.76334407
  18208. -11.4168418 -1.86094911
  18208. -5.88265732 -5.09065394
  18208.  11.9881895  4.81587866
  18208.  10.551212 -.469930818
  18208. -1.39828716  6.04554622
  18208.  1.05767258 -3.30757011
  18208. -9.24692862 -.251244122
  18208.  8.53443468 -1.98783524
  18208.  8.89477648 -.0296222166
  18208.  9.36517819  6.0325071
  18208. -7.07550254  5.06947935
  18208.  6.46872107 -1.63626851
  18208.  2.86035846  1.4887134
  18208. -7.21897311  2.05251047
  18208.  8.91109157  3.60592407
  18208.  3.81067791 -5.53526804
  18208. -6.99608415 -6.95495236
  18208. -11.6278443  2.44394332
  18208.  10.3062714  1.63725918
  18208.  10.1046374  1.46517759
  18208. -8.15665095  1.19294997
  18208. -5.45834655 -.986311651
  18208.  6.63211643  .910774378
  18208.  .00105850618  4.96199104
  18208.  .817481632 -.216645252
  18208. -6.8478377  5.43568699
  18208. -9.94688281 -2.19291572
  18208. -8.70695225 -2.03582688
  18208.  5.84833116  1.11641788
  18208. -5.48451019 -4.23259392
  18208.  8.68293973  3.55321424
  18208.  5.13157937  3.98418822
  18208. -5.42120814 -2.57214095
  18208.  1.31417983  2.20522685
  18208.  4.94683111  4.37939524
  18208. -.851988333  1.01356433
  18208. -8.2901106  2.05194965
  18208. -11.5600843 -3.80904216
  18208. -6.68819584  2.85395761
  18208. -1.578657 -.484966222
  18208. -9.27394222 -4.99205717
  18208.  6.69864641  7.23012095
  18208. -10.243627  4.33622533
  18208. -3.85151584 -3.25308846
  18208.  .535917184 -.948714631
  18208. -3.02476015  4.73796569
  18208.  8.17828313  2.97952704
  18208.  7.94825176 -.692540035
  18208.  9.48307092  6.56127801
  18208. -7.14212498  3.65557053
  18208. -10.8460757  4.24863061
  18208.  5.72548029  3.11218983
  18208.  3.08081245 -4.5089335
  18208. -4.23125715 -5.98195434
  18208. -7.13721506  5.72674078
  18208.  10.4293406 -2.14257416
  18208. -8.21278927 -2.86712804
  18208. -2.38116248  6.20481871
  18208.  2.43806196  6.54716214
  18208. -2.79630124 -.152594909
  18208.  11.0161213  6.68061898
  18208.  4.11246978 -1.01791809
  18208.  11.9047882  1.83462188
  18208. -2.3820592 -1.22806996
  18208.  4.33785648 -.801675892
  18208.  9.78783812  5.81569466
  18208.  3.17097878 -2.00759815
  18208.  8.30393028  .0374017588
  18208. -3.54842674 -1.04466078
  18208. -1.9197622 -3.67942997
  18208. -4.11886524 -4.60731902
  18208. -3.15424186 -2.43896448
  18208.  4.40547648  3.0360696
  18208.  8.36252241  4.77195226
  18208.  7.50201587  4.07335575
  18208.  5.40955724 -.578828408
  18208.  4.95207196  3.7279651
  18208. -.174538571  .932863064
  18208.  3.24023678 -2.74426535
  18208.  2.9152888  4.84837649
  18208.  2.71939981  3.79681709
  18208. -4.97739827 -4.22648791
  18208.  6.85968264  5.95401684
  18208.  .769592263  6.60719717
  18208. -3.59487524 -1.46719148
  18208.  7.44825667  3.64462725
  18208.  6.90871318  7.30280022
  18208. -11.634358  .797405472
  18208. -11.1051942  2.45801439
  18208.  10.8855379 -2.95380644
  18208. -9.41180287 -3.23219756
  18208. -1.01554073  2.74736062
  18208.  2.19855589 -6.90757069
  18208.  7.00977971  3.2608949
  18208.  7.59663032  .155833942
  18208. -8.36622645 -.724126388
  18208.  8.23406237  1.20302479
  18208. -8.01230491  4.80718751
  18208.  4.48450221 -3.98919312
  18208. -3.75243265 -.0684739955
  18208. -4.653916  6.28038995
  18208. -3.24352023  5.52805084
  18208. -1.67058668  1.94276487
  18208.  8.17908914 -6.09328519
  18208.  9.34076531 -.0111022648
  18208. -5.90832855  2.41858114
  18208. -.369539201 -2.93327571
  18208. -3.91937652  1.91778268
  18208.  6.94422635 -5.26786542
  18208.  11.6642088  4.20808292
  18208.  5.38469431 -1.87436592
  18208. -6.43353829 -1.34832745
  18208.  3.67516898 -5.90024275
  18208. -2.28470401 -1.52576852
  18208.  2.73952418 -6.36232995
  18208.  11.5859763 -6.90174648
  18208. -8.65748995 -4.27248277
  18208.  8.20239597 -.215735939
  18208. -7.37530321  .131260379
  18208. -.653873575  5.33847213
  18208. -4.05013546 -.344826451
  18208.  6.53504417 -2.77599936
  18208. -8.10177314 -.080472342
  18208. -.418713502 -1.49242541
  18208. -9.3874612  3.04177985
  18208. -9.75989944 -1.53452453
  18208. -7.55641281 -4.57802388
  18208.  10.3693477  4.87667687
  18208. -3.11014195  .49831284
  18208. -4.79187667  .913714901
  18208.  10.5930071  1.28894089
  18208.  11.4517061  .712101168
  18208.  .516184469 -1.25335229
  18208.  10.1665218 -3.18263529
  18208. -6.46892309 -3.25298467
  18208.  1.08588391  1.71227732
  18208.  5.66316274  6.43006599
  18208. -2.54407851 -.0847646254
  18208. -11.0697657  .810118013
  18208.  9.74923546 -.0833682212
  18208. -1.02581613 -2.2153929
  18208. -6.53358538 -.08209463
  18208.  1.20036587 -.873402834
  18208.  9.96737235 -6.64094128
  18208. -9.60238503  4.20926796
  18208.  10.0661929  4.01819724
  18208.  4.09210973  2.39849856
  18208. -8.09587426  1.94494969
  18208.  11.3674239 -1.6948917
  18208.  2.32903692 -.927921199
  18208. -9.43746189 -4.63848484
  18208.  .998579258 -6.95700352
  18208.  4.71279774 -4.15748366
  18208. -5.67560127  1.83061736
  18208.  1.68638356 -2.04431258
  18208. -9.11914209 -1.76943848
  18208. -6.483411  3.26536393
  18208.  5.97508871 -5.8258706
  18208.  3.03980396  4.04130547
  18208. -9.09165546 -2.01788934
  18208. -8.65801812 -.139258678
  18208.  11.0023322  3.40728414
  18208. -2.85153262  4.71149688
  18208. -3.06612842 -2.4460578
  18208. -9.98688304  1.40461674
  18208.  11.0158413  6.97661451
  18208. -7.98444349  2.97642907
  18208.  2.32980965 -7.41091408
  18208.  6.24413928  6.49150434
  18208. -2.8960541 -1.4171262
  18208. -.0184870333  2.78677991
  18208. -.495487986 -1.34823558
  18208. -2.96106568 -.749356011
  18208.  10.2321168  .427912864
  18208.  6.21846137  4.78408532
  18208.  9.04374167  4.39418337
  18208. -.120734745 -5.83766743
  18208.  1.25958669  6.03458111
  18208.  5.44215515  1.44223354
  18208. -11.7840361 -2.85702016
  18208. -4.98655384  3.23106526
  18208.  7.03100249  1.89927606
  18208. -.485069599  4.85326566
  18208.  9.72931086  2.23194194
  18208. -10.691143  .578522626
  18208.  9.71060412  5.37905649
  18208. -2.08042734  6.07662355
  18208.  4.24225026 -.779228813
  18208.  10.8819488  5.90306999
  18208. -10.8584628  1.12312358
  18208. -2.90564299 -6.57685143
  18208. -8.55819007 -4.41139178
  18208. -4.25749166  6.61504324
  18208. -9.76700169 -.0521948666
  18208.  9.36406564  3.07633816
  18208. -11.2715678  1.61179408
  18208.  8.24676081 -2.62840707
  18208.  5.86837611 -7.07654834
  18208.  7.43039639 -5.10671245
  18208. -3.94929425  3.55891685
  18208. -6.6130346 -4.82471405
  18208. -.550389486  6.75301573
  18208. -10.0065214 -.00921537068
  18208.  4.94329813 -.352898636
  18208.  5.65935269 -6.24820297
  18208.  11.8372185  4.16972124
  18208.  8.61270459  .155529979
  18208.  3.03178405  1.30866964
  18208. -7.85010058 -.951955534
  18208. -6.06512594 -.833826418
  18208. -9.40503118 -.91530148
  18208. -4.83685052  6.29385332
  18208.  11.5106518  7.14564268
  18208.  5.11078699 -2.61747282
  18208.  10.7040824  6.04353081
  18208. -1.43918761  1.27011002
  18208.  5.43275481  7.14894116
  18208. -5.7461888  3.32972686
  18208. -4.9328294 -3.13939225
  18208. -6.63898272  .155818064
  18208.  7.7868055  1.38392604
  18208.  4.65178873 -4.04275343
  18208.  6.65731806  5.72493149
  18208. -2.86986965  .540678024
  18208. -1.99487369 -1.24414812
  18208.  6.05516413 -3.07610586
  18208.  4.36602444  .168080953
  18208. -5.29036617  .548019947
  18208. -11.1779005 -1.68940783
  18208.  11.2883561  1.78263229
  18208.  .992581084 -5.47346961
  18208.  5.2732131 -3.27216653
  18208.  10.4226007  6.80491884
  18208. -9.1895393  4.20043014
  18208.  6.97261149 -2.31983083
  18208.  5.05081489 -3.50424787
  18208. -1.10789325  4.02975746
  18208.  .832427278  .695061407
  18208. -8.82376093  3.09346072
  18208.  11.6503111 -.247729057
  18208.  11.729806  6.79531654
  18208. -11.3125194 -3.09563681
  18208.  8.69359091  3.30990829
  18208. -.112305375 -2.95328566
  18208.  4.02729717 -5.78081849
  18208. -8.82036096  .693228098
  18208.  4.65310985  .497994409
  18208.  6.96516646 -3.3124226
  18208.  1.77351852  2.81241988
  18208. -11.7657837  5.13597601
  18208.  3.20549732 -4.02333859
  18208.  2.9824452 -4.13862967
  18208.  2.72981704 -3.74130313
  18208.  .975405685 -1.25132374
  18208.  6.31470504  4.64965734
  18208. -2.24471511  7.06465981
  18208. -10.6432129 -.780937984
  18208.  7.61875146 -2.44131717
  18208.  3.1243912  4.26520354
  18208.  10.9370087 -5.01975126
  18208. -11.7604083 -1.61239554
  18208.  10.6322601 -7.48379168
  18208. -9.36131351 -6.72406842
  18208. -5.41001475 -6.65251403
  18208.  4.09063744 -6.3657005
  18208.  3.90062345 -1.83402546
  18208. -10.271248 -2.25444399
  18208.  11.3883857  .766074439
  18208.  11.1521068  1.36399285
  18208. -5.52092039 -1.1765362
  18208.  8.74550952 -4.01730337
  18208. -.928007846  1.35833313
  18208.  9.30268553 -1.41976155
  18208.  9.06554618 -2.59792977
  18208.  9.01701479  4.36398758
  18208.  6.39499613  3.65128594
  18208. -1.69679626 -6.87971679
  18208. -10.8797504  1.95194717
  18208.  7.89557883 -2.83791868
  18208.  4.23783175  .775247853
  18208. -3.59260321 -4.87770647
  18208.  10.2647808 -7.1269036
  18208.  .49161353 -6.88307042
  18208.  1.0291342  5.04446672
  18208.  10.6069049  .158643718
  18208. -11.950162  1.34552276
  18208.  10.2660561 -3.44636795
  18208. -.0826905916  5.05769543
  18208.  4.10658256 -3.21212988
  18208.  7.47094187  .5901253
  18208. -7.27900711  3.85543853
  18208. -7.08757412  2.07205103
  18208.  11.1587605  5.36742599
  18208.  9.68078313 -1.63412951
  18208. -6.76172597  1.60163045
  18208. -5.48194328 -2.02974517
  18208. -5.42288043 -6.73923367
  18208.  6.05525679  2.55804052
  18208.  5.58437207 -5.72139576
  18208.  1.53714583 -.235774524
  18208.  5.26225165  5.53469785
  18208.  10.268791 -.793252542
  18208.  3.5581504  3.62460198
  18208. -.995950482  1.99199908
  18208. -6.52979748  2.06253596
  18208. -2.62678096  1.29231709
  18208.  4.24237249  5.93194167
  18208. -.20943748  1.06766933
  18208.  9.42404466  3.58017977
  18208. -9.54239906 -1.29699357
  18208. -11.0150037 -2.3407679
  18208.  10.0957318  3.15212288
  18208.  7.71493252  4.00053646
  18208.  7.42251748  3.97039375
  18208. -3.08893981  1.68726005
  18208. -6.14470747 -2.36492573
  18208.  10.1639372 -.585240115
  18208.  9.26611355  6.59520155
  18208.  8.02561642  1.7460847
  18208.  6.39474015  2.95935462
  18208.  9.68498357 -7.04110729
  18208. -8.31895305  1.17205973
  18208. -2.65645734  4.64261504
  18208.  5.87556017  4.25458207
  18208. -8.81135077 -6.41760881
  18208.  5.20396986  3.68516885
  18208.  8.34683887 -1.35806486
  18208.  3.13786958  .881038249
  18208. -8.69029176  4.69928141
  18208.  2.68515579  .210573832
  18208.  7.96415279 -5.0693331
  18208. -8.87315956  .747158807
  18208. -3.04227186 -1.76213712
  18208.  3.7780003 -4.66030409
  18208. -6.20496109 -2.26789216
  18208. -.283168856  1.28960814
  18208. -6.83494789  1.89229593
  18208. -6.59780457 -1.8016794
  18208. -9.37051458  2.23010006
  18208.  6.39586355  5.67551479
  18208. -9.0664605  2.91240307
  18208. -.296660509 -.255287753
  18208. -.854600165 -5.48598269
  18208.  7.92921429 -.0278650879
  18208.  3.49711031  5.52668737
  18208. -6.74666806 -.160048497
  18208.  2.32582502 -.584739586
  18208. -10.3894739  5.93225201
  18208.  4.30782484  2.5495953
  18208.  7.3135269 -5.69003896
  18208.  3.46485513  4.10904
  18208. -11.6431146 -3.39810533
  18208.  11.0725191 -2.71907112
  18208. -8.91833946 -4.02711482
  18208.  3.67823587  5.75048319
  18208.  4.77360578 -5.74158464
  18208. -11.0680261 -2.1709108
  18208.  4.36825921 -.421905887
  18208.  9.76836785 -.323026181
  18208.  2.61202043  2.43878985
  18208.  11.4993419 -.723063946
  18208.  8.53438483  2.9351653
  18208. -7.72971517  3.66132609
  18208.  5.3826702 -2.70368546
  18208.  1.0112898  1.62963817
  18208.  4.75141722  4.22464755
  18208.  5.84166992  2.19654674
  18208. -3.75199766  4.102904
  18208. -7.11794014 -4.58264676
  18208.  5.85016865 -1.22918167
  18208. -1.59568047  .467530736
  18208. -7.05134408 -3.72235475
  18208.  3.94953649 -5.11576315
  18208.  3.61521842 -2.19023104
  18208.  .998928865  1.88006424
  18208.  10.0496296  1.19733543
  18208.  7.14887837  6.35036265
  18208. -2.42097848  2.05662075
  18208.  2.95443202  .929622798
  18208. -.0867568766  3.38813777
  18208.  6.52038563  7.41276079
  18208.  2.19033535 -2.63723295
  18208.  2.02639271 -.84038648
  18208. -6.87273716  5.51649477
  18208.  7.38863536 -3.41582111
  18208. -.193368822 -3.96217455
  18208.  10.3357758  1.91611095
  18208.  2.59142104  4.62056837
  18208.  6.93272024  .353344131
  18208.  2.09307447  6.62756637
  18208.  .074058604  .461693061
  18208.  1.79131077 -2.79113467
  18208.  .0592707256  6.85490949
  18208. -3.21501876 -1.0078963
  18208. -9.134457 -2.63265788
  18208. -.963477079 -6.24867561
  18208.  .509623712 -2.33251391
  18208. -10.6036865  4.05845063
  18208.  1.38805031  2.5320693
  18208. -7.11289077  2.80377912
  18208.  7.39579421 -1.25189791
  18208. -3.86976588 -7.45804785
  18208. -8.18517088 -3.90263231
  18208. -7.53683225  4.81960607
  18208.  8.32879407  4.10932665
  18208.  3.67261043  .949084411
  18208.  11.4039501  6.40203859
  18208.  10.18129 -5.36930431
  18208. -3.73855752  5.09760214
  18208.  .0243989774  1.99242463
  18208. -6.44711318 -5.99344441
  18208. -9.03121311  4.39562989
  18208.  6.41702357 -1.74914136
  18208. -8.93621152 -2.12183947
  18208. -8.49566317 -4.26384288
  18208. -.175416796  .84341621
  18208. -9.51362026  .680219719
  18208. -4.97899779 -1.08876706
  18208. -4.31822603 -6.14839964
  18208. -8.1191409  .384110784
  18208.  3.48019106  2.56873831
  18208.  8.64323336 -4.04969419
  18208. -3.65003364  3.86374879
  18208.  .49750756  1.31022968
  18208. -7.35183142 -4.9001871
  18208.  7.91355999  2.70688422
  18208.  1.09017371 -1.91155123
  18208. -7.26712112 -4.41728035
  18208.  8.11439479  6.51974404
  18208. -6.52044473  .604748689
  18208.  8.42391581 -2.89032842
  18208. -10.84073 -5.14824366
  18208.  2.82933048  .250689205
  18208. -2.50989894 -3.09145641
  18208. -1.15813045  .247397323
  18208.  5.50202032  .369072255
  18208.  5.12550759 -.259711782
  18208.  7.8380693  3.49330743
  18208.  7.96833929 -2.34562525
  18208.  1.83381648  .260260414
  18208.  11.6203952  4.51463352
  18208.  9.71397005 -4.69345814
  18208.  9.1063847  3.91804562
  18208. -.0812786872 -3.86924267
  18208.  11.8125156  4.84126256
  18208. -1.11113616 -.558765299
  18208. -7.65148845 -.0416968375
  18208. -11.9031308  1.8517053
  18208.  5.64059175  2.46967079
  18208. -11.7625314  .295617909
  18208.  8.83186715 -1.24329324
  18208.  7.46651719  1.2346526
  18208. -7.07136905  7.09614911
  18208.  3.41825345 -4.67604865
  18208.  5.40879386  7.30953736
  18208. -7.84359016 -3.65536885
  18208. -4.24133479  1.63054982
  18208.  8.64585414  3.06921755
  18208.  .77783368  4.70507935
  18208.  11.8526758  .151014707
  18208. -8.8024566  3.00401729
  18208. -3.89848651  1.00539697
  18208. -9.47599378 -2.42322016
  18208. -2.73058564  .591310221
  18208. -10.5275294  4.76515388
  18208. -6.37360218  .167537352
  18208.  2.36130969 -6.48739003
  18208.  4.72848988 -4.88501197
  18208. -.26127967 -2.85164184
  18208.  6.29166696  3.04578399
  18208.  9.49477525 -.955214406
  18208.  .140199595 -4.63237229
  18208. -10.4001967  2.63647794
  18208. -7.8274447  2.23208937
  18208.  4.78584265 -1.64209431
  18208.  3.99931717  .298443079
  18208. -1.750854 -.366804043
  18208. -9.37894967 -3.13581604
  18208. -7.91602403  6.09773345
  18208. -3.27390525  6.93812656
  18208.  1.65940574  .165942933
  18208.  1.76469577 -6.32819172
  18208. -8.2491714  2.31031519
  18208. -7.12876093 -5.52553213
  18208.  10.650441 -5.12132985
  18208.  11.4491175  6.16003758
  18208. -11.7059998 -2.85149285
  18208.  8.98593034  5.02402827
  18208. -10.9268866 -3.77413837
  18208. -6.44104841 -.052031292
  18208.  4.50994711 -3.6226241
  18208. -7.94130336  3.82163633
  18208. -1.83081774  .236144068
  18208.  9.92969048 -.950892616
  18208. -9.49724632  .520745703
  18208. -.633718217 -1.76123918
  18208.  9.49500152  .602872063
  18208. -2.16345044 -3.70339983
  18208. -.0667407346  1.30378407
  18208.  5.16726034 -2.78791674
  18208.  10.3158687  3.36775887
  18208. -7.99544403  6.42971993
  18208. -8.91861615 -1.15455135
  18208. -4.86008526 -5.67797564
  18208.  5.41198262  1.19546393
  18208. -1.3904013  4.65053143
  18208. -11.0038811 -4.2352717
  18208.  1.31126814  2.39566874
  18208. -.815927196  3.50333158
  18208.  6.70174012 -2.36603751
  18208.  3.82146503  .578846381
  18208.  4.59417943  5.24854042
  18208.  2.32872912  7.17677902
  18208. -10.57131 -2.15480957
  18208. -.0990514993 -4.90914159
  18208. -2.45942424 -1.89120502
  18208.  9.1078485 -2.73201432
  18208.  .0282644442  .0807066726
  18208.  3.49696052  .127267582
  18208. -2.88395933  5.38914178
  18208. -2.91051933 -5.89976599
  18208. -7.36216767  2.86803501
  18208.  9.59323504  1.64655458
  18208.  6.41798594 -4.91258779
  18208.  .733808481 -.0909935677
  18208.  10.9202978 -.255011781
  18208. -7.69242525  .405519853
  18208. -11.2465291 -6.12585153
  18208.  2.36496059  .262016165
  18208. -10.261881  6.49811447
  18208.  4.79581327  2.83762083
  18208.  1.8967442  2.46219813
  18208.  4.31483009 -1.31602473
  18208.  10.1961651  .0454631836
  18208.  2.9579399  1.33434612
  18208. -11.6805298  6.3593618
  18208. -1.50947802  .445892291
  18208. -.490514432 -1.26472709
  18208. -11.5710333 -.581849965
  18208.  10.1380198  3.84129042
  18208. -3.0761091 -.737419648
  18208. -1.99358454 -.286855677
  18208. -3.80831643  6.98242371
  18208. -2.23371892 -3.50159682
  18208.  9.1130618 -1.01766323
  18208.  6.91073256 -3.71282594
  18208.  9.29114773 -1.6596665
  18208.  6.91829926  4.28400542
  18208. -4.49582187 -.338122298
  18208.  3.94429624  5.14985474
  18208. -9.50112764 -4.08079235
  18208.  8.50712264 -3.98719212
  18208. -11.7205068  1.26200304
  18208.  8.75248939  6.3860405
  18208. -10.1034726 -.786881857
  18208. -10.579485 -.340679565
  18208.  3.25153096  1.93737261
  18208.  3.81211209  .281383155
  18208. -1.14904547  4.90544976
  18208.  2.40569716 -6.338999
  18208.  .1625831  5.50063197
  18208.  2.76077409 -.927121119
  18208. -7.5534973 -3.25166431
  18208.  4.27907373  5.4701962
  18208. -3.05480587 -1.44981497
  18208. -8.14208917 -1.43386217
  18208.  8.5427467  5.30358695
  18208.  9.15160558  .819720933
  18208. -6.83847292 -3.38863658
  18208.  5.21910222 -.655149169
  18208. -.467958774 -.230707316
  18208.  8.51528432 -1.48468642
  18208. -9.62939722  4.24815775
  18208.  9.36944751 -4.47947019
  18208. -2.1190612  1.10212252
  18208. -9.68368624 -4.90794313
  18208. -4.54875757 -1.75044505
  18208. -10.696692  4.06047558
  18208. -1.4231926  1.57386681
  18208. -9.92808195 -1.60323363
  18208. -7.46505314  .480943439
  18208. -8.62358667 -5.10087994
  18208. -11.1314513 -6.36613542
  18208. -.676411075 -4.75049725
  18208. -3.2757685  5.56389604
  18208. -6.33068243  1.27720876
  18208.  2.27057485 -3.76475901
  18208. -.785162864  5.6190308
  18208. -2.0336664 -4.62488564
  18208.  4.36722931 -3.48118996
  18208. -5.933271  1.02079563
  18208. -2.06146447  5.97221595
  18208. -6.25434163 -6.71633345
  18208.  6.98732676 -6.70247061
  18208.  7.67450534  1.92830057
  18208.  5.79363421  1.3288636
  18208.  5.07203543  6.65999275
  18208. -1.27189722 -2.14653533
  18208.  11.9759309  4.44922579
  18208.  6.84803391 -2.46560009
  18208. -7.65220341  1.77488564
  18208.  5.38915324 -.730825407
  18208. -10.1499148 -4.72919084
  18208. -7.71370322 -3.93439936
  18208. -7.45827004  1.66603704
  18208.  7.37585861  5.48434859
  18208. -6.57928038 -1.30778953
  18208.  5.92242061  2.65020204
  18208.  4.11714744 -3.11883887
  18208. -10.9612872 -3.89710839
  18208.  7.43000212 -.274234937
  18208.  9.8869205  1.12117259
  18208.  11.16896 -5.40364863
  18208.  5.65418152 -2.26330929
  18208. -1.84291333 -2.23462174
  18208. -3.81236407  1.78446028
  18208. -5.87774261 -.488721627
  18208. -1.14154814  1.75759067
  18208.  5.39784328  1.64469883
  18208.  1.03907992 -6.91955767
  18208.  2.46020349  1.58559359
  18208.  10.6021128  1.16345147
  18208.  5.64282021 -3.82545615
  18208. -2.91980237  6.51951703
  18208. -8.11346136 -1.10113776
  18208.  .46429174  1.89480902
  18208. -8.29421127  1.57914378
  18208.  .765074056  2.50515054
  18208. -.283795649 -.112388436
  18208.  9.31701851  .839628284
  18208.  3.18703243 -3.52398555
  18208.  6.26381495 -.784656521
  18208.  2.5254459  3.2316418
  18208. -11.0640092  4.16039027
  18208.  10.69728  3.72521217
  18208. -10.9380219 -5.79275301
  18208. -.0557438267  1.66260038
  18208. -.941687542 -3.54115196
  18208.  2.96569299  3.24506652
  18208.  5.94000745  .523460654
  18208.  9.51326227 -4.57459642
  18208.  11.9019388  2.02655863
  18208.  .75266751  3.51771503
  18208.  3.7601821 -1.88666709
  18208.  .950491425 -.790222937
  18208. -3.76066541  1.12930536
  18208.  2.74366213  1.77943964
  18208. -9.23065742 -3.00187549
  18208.  4.19932413  2.06162708
  18208. -.498731624 -3.83966905
  18208. -2.8309077  3.46178822
  18208.  2.7401173 -2.8308733
  18208.  3.77663517 -3.64173563
  18208. -3.11752332 -4.03045614
  18208. -4.72553458  .0499143706
  18208. -3.58968265 -3.05388769
  18208. -5.4629839 -.373151465
  18208.  7.49526521 -.0735199967
  18208. -8.26873418 -6.3493772
  18208.  8.89020683  5.03799649
  18208. -6.86919935  .446746287
  18208.  9.33424736  4.82855841
  18208. -7.14443949  3.34963067
  18208.  2.67714848 -6.73024613
  18208. -11.8366721 -2.45015886
  18208. -.645807747 -4.1676658
  18208. -8.30031733  2.50616531
  18208. -5.43435609 -1.7796579
  18208. -5.88066983 -.931465137
  18208. -9.10801961  6.36864924
  18208. -2.94951412  3.85262228
  18208.  7.42796866 -5.93421707
  18208.  9.82171493  5.79796765
  18208.  7.18832967  4.93917909
  18208. -.59200509  .320390506
  18208. -7.69637091  2.12845406
  18208.  8.7410236 -3.35532768
  18208.  2.48755581 -5.74427253
  18208. -10.3605433 -1.51244035
  18208.  .043857468 -4.47724176
  18208.  9.50240232  .165418161
  18208. -9.39193256  6.87474436
  18208. -7.7031687  2.80755976
  18208. -8.17995002  .996337846
  18208. -5.38636695 -3.06455451
  18208. -10.7698031 -5.33908775
  18208.  5.93530618 -2.11451247
  18208. -3.43181953  .999341603
  18208.  5.43274329  .959113237
  18208.  5.71644948  4.4151609
  18208.  7.69410153  4.95152639
  18208.  8.8537927  4.93817947
  18208. -1.7510182  2.75099568
  18208.  7.08611302 -3.54150684
  18208.  8.85293597 -.97875719
  18208. -3.77514346 -1.13458646
  18208.  3.03175752 -1.87351308
  18208.  .255756533 -4.2079615
  18208.  .627321011  3.26531708
  18208. -2.90705954 -1.26919137
  18208.  7.92670625 -.495936277
  18208. -10.5799445  3.55749416
  18208. -.28849  2.16573119
  18208. -4.71337703  1.67058105
  18208.  2.18082223  1.51819612
  18208. -11.0743772 -2.35827219
  18208.  2.40871121 -5.89536172
  18208.  .869215077 -.0856444261
  18208. -.621077405  1.72000213
  18208.  5.23605253 -2.7893213
  18208. -5.65334049  5.21242722
  18208.  11.7391895  1.97727523
  18208.  2.45252698 -4.48609508
  18208.  10.3760437 -5.20512782
  18208.  .47449747 -2.88183133
  18208.  6.01125527 -6.36558715
  18208.  10.2642775  4.09356214
  18208.  10.284593  1.7309649
  18208. -3.45109743 -1.10675588
  18208. -8.09921286 -4.12340578
  18208. -4.48820908 -2.7658142
  18208.  7.41840675 -7.19590601
  18208. -8.1911044 -.445815997
  18208.  10.2933609  5.36120029
  18208.  8.3737253  5.58470991
  18208.  9.67728191  2.39418806
  18208. -2.93784676 -2.97482496
  18208. -.718980913 -4.52505125
  18208. -3.38214634  .0252587432
  18208. -2.68356917 -1.50534458
  18208. -11.0624155  4.43367307
  18208. -5.92623255 -6.87738466
  18208.  6.51540904  1.49972434
  18208. -10.093079 -6.12021286
  18208. -6.93124987  .562472799
  18208.  9.168747  2.70316966
  18208.  1.72400418 -2.45704896
  18208.  3.56782631  1.97828206
  18208.  6.82656544  3.96736525
  18208. -4.98053878  5.72023604
  18208. -6.5088651 -.0214137843
  18208. -11.8811091  4.02695681
  18208. -3.92692498 -.259476037
  18208.  8.02017509 -2.95507573
  18208.  3.23159962  2.02386181
  18208. -2.26305893 -5.85501119
  18208. -11.4377716  .328073224
  18208.  2.84245358  .131275388
  18208.  5.56006411  .19942835
  18208.  5.48380179 -1.64592455
  18208.  1.98405117  .354424933
  18208. -.501944223 -.605852768
  18208. -4.92026477  1.75019392
  18208.  10.6919256  .596383667
  18208. -.255590421  6.91086536
  18208.  .916028406  5.22964938
  18208.  9.92182074 -6.43152046
  18208.  7.34225573 -2.0109418
  18208. -.715648453  3.26704978
  18208. -3.96409175  1.72141559
  18208. -9.2175171 -2.12412185
  18208. -1.51701749  5.00237033
  18208.  3.64054238 -3.14242665
  18208. -10.5074017 -2.59133774
  18208. -8.50222437  1.91406143
  18208. -1.20301177  3.05090936
  18208.  3.8913263 -.00805137196
  18208. -8.65908594 -6.45332068
  18208. -8.230136 -2.19034597
  18208.  10.956702  6.53051254
  18208. -7.72845931  5.70097108
  18208.  7.88892639 -.110907025
  18208.  .808071974  6.97556297
  18208. -5.36953879 -.106794192
  18208.  10.9210923  5.58783278
  18208. -4.96225562  5.98909132
  18208.  .813408691 -4.47562899
  18208.  11.5102852  1.64047346
  18208.  9.0446677 -.0724794791
  18208.  4.48120773  2.76965575
  18208. -4.29671874  4.10465956
  18208.  3.09135626 -.313192175
  18208.  1.08594966  4.57147615
  18208. -4.58014939  2.37489663
  18208. -9.2953699 -.00859559312
  18208. -10.3533568  4.46626896
  18208. -10.0508385 -6.10131377
  18208. -11.0707017 -2.51941621
  18208.  1.6959222 -.867575033
  18208.  .934764211 -4.03065669
  18208.  6.15804349  3.55615426
  18208.  .114090376  5.76413901
  18208.  1.57540397 -5.22164201
  18208.  8.00837105 -.819906984
  18208. -7.63102605 -7.29617852
  18208. -8.26279166 -6.7460593
  18208. -7.29935813 -4.50378353
  18208. -.833651481  .124383391
  18208.  .200915841 -.287281068
  18208.  8.50945634 -.996276381
  18208. -3.89963582 -.798041022
  18208.  3.20343758 -5.59849286
  18208. -8.32978323 -7.07186275
  18208.  7.46528425 -2.5486666
  18208.  9.50227479 -1.78398059
  18208.  7.19526401  6.39308673
  18208.  7.96195954 -.567592472
  18208.  4.74130122  7.42929929
  18208.  6.82872092 -3.42230953
  18208. -2.5684739 -3.29006791
  18208.  1.01311903 -3.44522696
  18208.  10.6213635  2.93075699
  18208. -1.19124464  3.98446411
  18208.  8.70581125 -.625955507
  18208. -10.3128771 -3.10823068
  18208. -7.77360555  2.95661059
  18208.  7.30533206  4.75646635
  18208.  11.0704573 -1.34743934
  18208. -6.58261942 -1.72124239
  18208. -8.07723751  .0273894045
  18208. -8.60725269 -3.41639845
  18208.  10.8551223  .617757213
  18208.  .433847654  6.51066835
  18208.  10.541518 -2.05168944
  18208. -11.5670798 -2.73379815
  18208. -.748620389  1.07507358
  18208.  4.3086645 -5.30870275
  18208.  3.55436822  6.71028111
  18208.  11.4312266  1.7790705
  18208.  9.5890618 -5.72829589
  18208. -11.1782076  3.36313541
  18208. -5.67338812  .959365498
  18208.  5.64924436 -3.24958893
  18208. -9.56102381  3.91207475
  18208.  1.56117161  6.13000735
  18208.  1.08830923 -4.18948425
  18208.  2.11052167 -3.24278794
  18208.  9.12794415  6.30808747
  18208. -7.69445192  2.39448752
  18208. -8.99622335  .153219609
  18208. -11.6938519 -3.89641745
  18208.  3.33775996  3.02349285
  18208. -5.60733573  .0633854565
  18208. -2.48999642 -.0200346097
  18208.  1.73642728  .367836977
  18208.  6.95444876 -3.74006446
  18208. -4.26369428 -3.0694712
  18208. -7.76916958  5.25490615
  18208.  2.57964888  4.30244838
  18208. -4.61708388 -1.92239773
  18208.  4.88290925 -.0453848652
  18208. -8.64547001 -4.71595966
  18208.  8.35225025  5.56027561
  18208. -8.18237139 -5.26267288
  18208.  10.8194459  1.26748148
  18208. -10.4144698 -.886496951
  18208. -.738208486  .634697856
  18208. -1.45922646  2.77683537
  18208.  8.9893821  .183415842
  18208. -11.7396503 -2.52554095
  18208.  8.37700318  5.67438498
  18208. -5.40069801 -2.31858438
  18208.  9.01779038  .495902363
  18208.  4.34290725  7.40161678
  18208.  8.8478468  5.33319068
  18208.  3.7805944  3.36664235
  18208. -2.29826234  6.41079345
  18208.  3.25502465  .768119318
  18208.  9.70037274 -4.31534359
  18208.  4.67243417 -2.89052779
  18208. -1.46235172  2.09630497
  18208. -1.63775489 -5.28695191
  18208. -4.88205252 -7.02590751
  18208. -10.3269  6.1738821
  18208. -4.07441994  2.52878554
  18208.  4.73521506  5.18475702
  18208. -.221466702 -.769644188
  18208.  9.69336701  1.84539681
  18208.  9.8810968  3.10687062
  18208.  3.8772093 -1.86161272
  18208. -4.47698206 -1.92444796
  18208. -11.1867938  1.33255653
  18208. -.789340956 -3.81605413
  18208.  8.57084574  .443494279
  18208.  11.8868745 -1.82212921
  18208. -11.248621 -2.5186136
  18208. -4.72947212  6.17738796
  18208. -8.01242682  3.13065084
  18208.  8.38440297 -4.4927781
  18208.  11.5535139 -2.67444099
  18208. -11.2317338 -7.15534135
  18208.  8.94947194 -5.47768753
  18208. -3.66660539  2.32726946
  18208.  5.99860753  6.49282632
  18208.  1.22245628  5.63661444
  18208.  7.42840079  .657957533
  18208. -4.34160934 -2.20957641
  18208. -2.19869675  3.09131078
  18208. -1.80666225 -1.86648236
  18208.  11.4050354 -1.80649547
  18208.  6.57423915  .801909862
  18208.  10.4879549 -.733601785
  18208. -2.35713824  3.14450482
  18208.  7.32452948 -1.59083323
  18208. -11.3494304 -4.7520045
  18208. -5.58154581 -3.46450573
  18208. -11.6684798  1.11253965
  18208. -3.20066468 -2.31853523
  18208. -2.16211964 -2.93891046
  18208.  2.33737356 -2.46292717
  18208. -7.72054105 -1.12066225
  18208. -10.2059008  3.914339
  18208. -3.74788323 -4.36185356
  18208. -3.78122479 -3.41989939
  18208. -7.78532136  1.22313979
  18208. -7.97516155 -.703070055
  18208.  10.5019813  1.32669269
  18208.  5.76734267 -3.06682445
  18208.  2.99508067 -.479983503
  18208. -3.69095451  .322229986
  18208. -7.14159258 -6.06531012
  18208.  10.340523 -7.42317592
  18208.  .450213705  2.59121023
  18208. -8.24947569 -3.12693509
  18208.  4.36117461 -.474132649
  18208.  3.99463019 -5.80233069
  18208.  11.5973736  .60972049
  18208.  5.51680716 -4.25744009
  18208. -5.19775291  3.68458861
  18208.  8.03124759  5.73543539
  18208. -11.7672854  4.74160974
  18208. -5.00370407 -.942085982
  18208. -6.326922  2.82640059
  18208.  4.63347025  6.12610028
  18208. -4.66662328  7.25136661
  18208. -11.0878095  4.90481641
  18208. -8.11101611  .516350248
  18208. -8.04022112 -3.3488304
  18208.  2.91090677  7.45296326
  18208. -1.44222705 -4.13930976
  18208. -11.6498996 -3.62863566
  18208.  2.85225975 -4.16993541
  18208. -.16108591  4.54967595
  18208.  1.11370002 -5.81429325
  18208. -.493117835  5.3352177
  18208. -.914305656 -4.18849188
  18208.  3.1621347 -4.12185809
  18208.  3.84887362  1.71896501
  18208. -1.4916604  3.98039414
  18208.  10.3102477  1.35629342
  18208. -9.42882743  1.21899192
  18208. -3.7318013 -1.33940192
  18208. -9.79475089 -4.2116016
  18208.  2.7929343 -4.0113801
  18208. -1.40493145  5.62062195
  18208.  7.89128637 -3.56195782
  18208.  3.90466098 -3.61677005
  18208. -6.1626529  4.17684701
  18208.  3.12031315  .0867357487
  18208.  1.63569136 -1.1356599
  18208.  1.58502113 -6.84830473
  18208.  1.6654936  1.82394057
  18208. -11.649864 -5.61186943
  18208.  10.6850667 -5.1088683
  18208. -1.99834191  .630955936
  18208. -10.2719795 -.391367128
  18208. -11.8042502  1.57373435
  18208. -2.19578  1.97857088
  18208.  8.58262676 -5.41814877
  18208. -5.92282379 -.731850403
  18208. -11.5222464  3.30876996
  18208.  2.86155466  4.61213056
  18208.  3.36516785  2.44400082
  18208. -10.711089 -.785028903
  18208. -11.4546462  6.70651629
  18208. -10.6719596 -2.03774184
  18208. -3.18128563  3.54493186
  18208. -8.19946816 -3.36597382
  18208. -9.22817464 -1.04846352
  18208. -7.82715601  5.32940229
  18208.  3.5597878  4.16329891
  18208. -11.2441592  4.00932211
  18208. -10.240927  1.58603209
  18208.  6.44447116  6.89116192
  18208. -9.94580279  .380584266
  18208. -4.3214983  .676967177
  18208.  3.31332181  1.20562223
  18208. -8.52226745 -.361663312
  18208. -.392236716  4.15970491
  18208.  11.9457714  1.41937648
  18208. -2.25320353  2.69599475
  18208. -.319503983 -5.02872073
  18208.  4.03129658  5.546727
  18208.  5.71216346 -.161361884
  18208.  1.96813046 -2.76926362
  18208. -.556480669 -4.34256925
  18208. -10.219852 -.687081786
  18208.  9.38537612 -4.53744896
  18208.  6.33847198 -5.42731383
  18208.  9.41998292 -.800113919
  18208. -8.54934694  1.08085262
  18208. -3.72835035 -3.02779898
  18208.  7.6652992  .685343074
  18208. -6.07160022 -2.75725576
  18208.  7.27894489  2.41762346
  18208. -1.95951733  1.4412641
  18208. -10.2381243 -.560345199
  18208. -6.68467581 -6.60483434
  18208. -7.52690705 -2.34331955
  18208.  10.0530976 -3.78720492
  18208.  1.50762017  1.08118629
  18208. -10.3436014  .916065992
  18208.  1.66154556 -3.98597853
  18208. -11.2451323 -2.56728431
  18208. -11.1299703  1.84291195
  18208. -3.8805552 -2.52511955
  18208.  1.83133893 -3.64181205
  18208.  7.99567037 -2.95283093
  18208.  9.55243219 -7.02410758
  18208. -8.66490041  3.22105116
  18208.  8.34893376 -.289868009
  18208.  3.37947125 -6.68438085
  18208. -6.93170872  5.5029695
  18208.  .348960877 -5.20600054
  18208.  7.26194685 -.00452039772
  18208.  3.69938155  6.33766777
  18208. -1.39049627  .282959506
  18208.  .824465613  2.73151525
  18208.  9.38280865  4.63231678
  18208. -4.48934576  5.30453102
  18208.  7.50234634  3.89764873
  18208. -5.14970276 -3.46668345
  18208. -1.05624258 -6.84181233
  18208.  7.75867305  5.80355007
  18208.  4.60910909 -.554231622
  18208.  5.30617958  .759973977
  18208.  10.9225597  2.68908089
  18208. -4.05003276  2.57429268
  18208.  6.84239615 -1.58081198
  18208.  1.76418528  2.20070727
  18208.  9.73171217 -3.86458061
  18208.  11.7787055  1.45856689
  18208.  1.57473138  1.1234707
  18208.  1.71723379 -5.37456757
  18208. -5.37823682  5.44669932
  18208.  8.98496324 -1.08634947
  18208. -1.11003885  .58293118
  18208. -2.47355326 -2.96102943
  18208.  8.14366013 -3.24946801
  18208.  3.68569563 -4.10405118
  18208.  3.88884442  6.09146704
  18208.  9.01003115  .0115735106
  18208.  7.38469125  4.30520654
  18208. -11.8447933 -.872853218
  18208.  9.81029696 -6.1249581
  18208.  10.7732209  7.20389593
  18208. -3.7424255 -4.25033287
  18208.  8.04059109  1.04659253
  18208.  4.45458174 -6.49081676
  18208.  5.74061878 -1.36581206
  18208.  8.44077365  2.75338591
  18208. -8.27822525 -.0259339891
  18208.  7.41283536  5.03313324
  18208.  .177246288  1.61059613
  18208.  1.35670714  3.4512067
  18208. -3.47060099 -.644655117
  18208.  6.99227395  5.25247794
  18208.  8.3083107 -.636486946
  18208. -2.25792978  1.94950688
  18208. -4.9456831 -.66474467
  18208. -11.15256 -2.53276869
  18208. -10.1667175  6.93490771
  18208. -.0878321711  3.41370746
  18208. -9.74565403  1.0467113
  18208. -3.11716713 -1.78963155
  18208.  3.79922614 -5.01995508
  18208. -4.49106558 -3.71174604
  18208. -2.97414469  2.8680171
  18208.  5.76337078 -3.42276848
  18208. -6.45726745 -.225014941
  18208. -4.55873816  2.23894523
  18208.  9.83302901  4.32302326
  18208. -8.13348542  1.28219609
  18208. -11.1694952 -1.66422984
  18208.  3.9099749  3.87659107
  18208. -.378869194 -.476818342
  18208.  8.18349993 -1.37437736
  18208.  9.72899176  6.35360023
  18208. -5.92686696 -5.3439091
  18208.  7.22139594 -3.11078675
  18208. -8.31682237 -3.4288678
  18208. -1.89181136 -4.11174942
  18208. -5.80428363  1.8129057
  18208.  1.60950075  1.19315315
  18208. -11.8513122 -5.69456064
  18208. -.719944863 -1.59434343
  18208. -9.69019626  3.9869139
  18208. -11.782552  6.66440069
  18208.  11.3135643  6.07194587
  18208.  9.37212963  2.91111657
  18208. -6.47415854  3.6707841
  18208. -11.5290487  3.21461405
  18208.  .715567247 -6.77454595
  18208. -11.780363  5.07668825
  18208. -1.48915015 -3.50850576
  18208. -3.27024412  1.82103704
  18208.  11.7632898 -4.38406693
  18208.  1.42948476  1.58480942
  18208.  8.33112843  .252472223
  18208.  9.28723768  4.95360458
  18208.  8.74020944  1.8260976
  18208.  4.44931755  .852174001
  18208. -2.94119871 -3.94925498
  18208.  2.90144336  7.06104782
  18208. -10.3762041  2.8883277
  18208.  4.32353469 -2.37029543
  18208.  2.36914551  6.98964588
  18208.  1.73689362  .717562338
  18208. -9.68763532 -4.90366507
  18208. -10.0274287  5.03759627
  18208.  10.5404486  .0102298822
  18208.  11.4536634 -.965775982
  18208.  2.80644936 -.306371265
